# ##### BEGIN GPL LICENSE BLOCK #####
#
#  This program is free software; you can redistribute it and/or
#  modify it under the terms of the GNU General Public License
#  as published by the Free Software Foundation; either version 2
#  of the License, or (at your option) any later version.
#
#  This program is distributed in the hope that it will be useful,
#  but WITHOUT ANY WARRANTY; without even the implied warranty of
#  MERCHANTABILITY or FITNESS FOR A PARTICULAR PURPOSE.  See the
#  GNU General Public License for more details.
#
#  You should have received a copy of the GNU General Public License
#  along with this program.  If not, see <http://www.gnu.org/licenses/>.
#
# ##### END GPL LICENSE BLOCK #####

# DISCLAIMER
# All poses marked with an asterisk* were provided by PixelTail Games and
# are not covered by the GPL, though usage is permitted for the intended
# purposes of this Blender Add-on.

from mathutils import Matrix

TU_Poses = {
    'Reference Pose (Default)':{
        'root':Matrix(((1.0,0.0,0.0,0.0),(0.0,1.0,0.0,0.0),(0.0,0.0,1.0,0.0),(0.0,0.0,0.0,1.0),)),
        'pelvis':Matrix(((1.0,0.0,0.0,0.0),(0.0,1.0,0.0,0.0),(0.0,0.0,1.0,0.0),(0.0,0.0,0.0,1.0),)),
        'spine_01':Matrix(((1.0,0.0,0.0,0.0),(0.0,1.0,0.0,0.0),(0.0,0.0,1.0,0.0),(0.0,0.0,0.0,1.0),)),
        'spine_02':Matrix(((1.0,0.0,0.0,0.0),(0.0,1.0,0.0,0.0),(0.0,0.0,1.0,0.0),(0.0,0.0,0.0,1.0),)),
        'spine_03':Matrix(((1.0,0.0,0.0,0.0),(0.0,1.0,0.0,0.0),(0.0,0.0,1.0,0.0),(0.0,0.0,0.0,1.0),)),
        'clavicle_l':Matrix(((1.0,0.0,0.0,0.0),(0.0,1.0,0.0,0.0),(0.0,0.0,1.0,0.0),(0.0,0.0,0.0,1.0),)),
        'upperarm_l':Matrix(((1.0,0.0,0.0,0.0),(0.0,1.0,0.0,0.0),(0.0,0.0,1.0,0.0),(0.0,0.0,0.0,1.0),)),
        'lowerarm_l':Matrix(((1.0,0.0,0.0,0.0),(0.0,1.0,0.0,0.0),(0.0,0.0,1.0,0.0),(0.0,0.0,0.0,1.0),)),
        'hand_l':Matrix(((1.0,0.0,0.0,0.0),(0.0,1.0,0.0,0.0),(0.0,0.0,1.0,0.0),(0.0,0.0,0.0,1.0),)),
        'index_01_l':Matrix(((1.0,0.0,0.0,0.0),(0.0,1.0,0.0,0.0),(0.0,0.0,1.0,0.0),(0.0,0.0,0.0,1.0),)),
        'index_02_l':Matrix(((1.0,0.0,0.0,0.0),(0.0,1.0,0.0,0.0),(0.0,0.0,1.0,0.0),(0.0,0.0,0.0,1.0),)),
        'index_03_l':Matrix(((1.0,0.0,0.0,0.0),(0.0,1.0,0.0,0.0),(0.0,0.0,1.0,0.0),(0.0,0.0,0.0,1.0),)),
        'middle_01_l':Matrix(((1.0,0.0,0.0,0.0),(0.0,1.0,0.0,0.0),(0.0,0.0,1.0,0.0),(0.0,0.0,0.0,1.0),)),
        'middle_02_l':Matrix(((1.0,0.0,0.0,0.0),(0.0,1.0,0.0,0.0),(0.0,0.0,1.0,0.0),(0.0,0.0,0.0,1.0),)),
        'middle_03_l':Matrix(((1.0,0.0,0.0,0.0),(0.0,1.0,0.0,0.0),(0.0,0.0,1.0,0.0),(0.0,0.0,0.0,1.0),)),
        'pinky_01_l':Matrix(((1.0,0.0,0.0,0.0),(0.0,1.0,0.0,0.0),(0.0,0.0,1.0,0.0),(0.0,0.0,0.0,1.0),)),
        'pinky_02_l':Matrix(((1.0,0.0,0.0,0.0),(0.0,1.0,0.0,0.0),(0.0,0.0,1.0,0.0),(0.0,0.0,0.0,1.0),)),
        'pinky_03_l':Matrix(((1.0,0.0,0.0,0.0),(0.0,1.0,0.0,0.0),(0.0,0.0,1.0,0.0),(0.0,0.0,0.0,1.0),)),
        'ring_01_l':Matrix(((1.0,0.0,0.0,0.0),(0.0,1.0,0.0,0.0),(0.0,0.0,1.0,0.0),(0.0,0.0,0.0,1.0),)),
        'ring_02_l':Matrix(((1.0,0.0,0.0,0.0),(0.0,1.0,0.0,0.0),(0.0,0.0,1.0,0.0),(0.0,0.0,0.0,1.0),)),
        'ring_03_l':Matrix(((1.0,0.0,0.0,0.0),(0.0,1.0,0.0,0.0),(0.0,0.0,1.0,0.0),(0.0,0.0,0.0,1.0),)),
        'thumb_01_l':Matrix(((1.0,0.0,0.0,0.0),(0.0,1.0,0.0,0.0),(0.0,0.0,1.0,0.0),(0.0,0.0,0.0,1.0),)),
        'thumb_02_l':Matrix(((1.0,0.0,0.0,0.0),(0.0,1.0,0.0,0.0),(0.0,0.0,1.0,0.0),(0.0,0.0,0.0,1.0),)),
        'thumb_03_l':Matrix(((1.0,0.0,0.0,0.0),(0.0,1.0,0.0,0.0),(0.0,0.0,1.0,0.0),(0.0,0.0,0.0,1.0),)),
        'lowerarm_twist_01_l':Matrix(((1.0,0.0,0.0,0.0),(0.0,1.0,0.0,0.0),(0.0,0.0,1.0,0.0),(0.0,0.0,0.0,1.0),)),
        'upperarm_twist_01_l':Matrix(((1.0,0.0,0.0,0.0),(0.0,1.0,0.0,0.0),(0.0,0.0,1.0,0.0),(0.0,0.0,0.0,1.0),)),
        'clavicle_r':Matrix(((1.0,0.0,0.0,0.0),(0.0,1.0,0.0,0.0),(0.0,0.0,1.0,0.0),(0.0,0.0,0.0,1.0),)),
        'upperarm_r':Matrix(((1.0,0.0,0.0,0.0),(0.0,1.0,0.0,0.0),(0.0,0.0,1.0,0.0),(0.0,0.0,0.0,1.0),)),
        'lowerarm_r':Matrix(((1.0,0.0,0.0,0.0),(0.0,1.0,0.0,0.0),(0.0,0.0,1.0,0.0),(0.0,0.0,0.0,1.0),)),
        'hand_r':Matrix(((1.0,0.0,0.0,0.0),(0.0,1.0,0.0,0.0),(0.0,0.0,1.0,0.0),(0.0,0.0,0.0,1.0),)),
        'index_01_r':Matrix(((1.0,0.0,0.0,0.0),(0.0,1.0,0.0,0.0),(0.0,0.0,1.0,0.0),(0.0,0.0,0.0,1.0),)),
        'index_02_r':Matrix(((1.0,0.0,0.0,0.0),(0.0,1.0,0.0,0.0),(0.0,0.0,1.0,0.0),(0.0,0.0,0.0,1.0),)),
        'index_03_r':Matrix(((1.0,0.0,0.0,0.0),(0.0,1.0,0.0,0.0),(0.0,0.0,1.0,0.0),(0.0,0.0,0.0,1.0),)),
        'middle_01_r':Matrix(((1.0,0.0,0.0,0.0),(0.0,1.0,0.0,0.0),(0.0,0.0,1.0,0.0),(0.0,0.0,0.0,1.0),)),
        'middle_02_r':Matrix(((1.0,0.0,0.0,0.0),(0.0,1.0,0.0,0.0),(0.0,0.0,1.0,0.0),(0.0,0.0,0.0,1.0),)),
        'middle_03_r':Matrix(((1.0,0.0,0.0,0.0),(0.0,1.0,0.0,0.0),(0.0,0.0,1.0,0.0),(0.0,0.0,0.0,1.0),)),
        'pinky_01_r':Matrix(((1.0,0.0,0.0,0.0),(0.0,1.0,0.0,0.0),(0.0,0.0,1.0,0.0),(0.0,0.0,0.0,1.0),)),
        'pinky_02_r':Matrix(((1.0,0.0,0.0,0.0),(0.0,1.0,0.0,0.0),(0.0,0.0,1.0,0.0),(0.0,0.0,0.0,1.0),)),
        'pinky_03_r':Matrix(((1.0,0.0,0.0,0.0),(0.0,1.0,0.0,0.0),(0.0,0.0,1.0,0.0),(0.0,0.0,0.0,1.0),)),
        'ring_01_r':Matrix(((1.0,0.0,0.0,0.0),(0.0,1.0,0.0,0.0),(0.0,0.0,1.0,0.0),(0.0,0.0,0.0,1.0),)),
        'ring_02_r':Matrix(((1.0,0.0,0.0,0.0),(0.0,1.0,0.0,0.0),(0.0,0.0,1.0,0.0),(0.0,0.0,0.0,1.0),)),
        'ring_03_r':Matrix(((1.0,0.0,0.0,0.0),(0.0,1.0,0.0,0.0),(0.0,0.0,1.0,0.0),(0.0,0.0,0.0,1.0),)),
        'thumb_01_r':Matrix(((1.0,0.0,0.0,0.0),(0.0,1.0,0.0,0.0),(0.0,0.0,1.0,0.0),(0.0,0.0,0.0,1.0),)),
        'thumb_02_r':Matrix(((1.0,0.0,0.0,0.0),(0.0,1.0,0.0,0.0),(0.0,0.0,1.0,0.0),(0.0,0.0,0.0,1.0),)),
        'thumb_03_r':Matrix(((1.0,0.0,0.0,0.0),(0.0,1.0,0.0,0.0),(0.0,0.0,1.0,0.0),(0.0,0.0,0.0,1.0),)),
        'lowerarm_twist_01_r':Matrix(((1.0,0.0,0.0,0.0),(0.0,1.0,0.0,0.0),(0.0,0.0,1.0,0.0),(0.0,0.0,0.0,1.0),)),
        'upperarm_twist_01_r':Matrix(((1.0,0.0,0.0,0.0),(0.0,1.0,0.0,0.0),(0.0,0.0,1.0,0.0),(0.0,0.0,0.0,1.0),)),
        'neck_01':Matrix(((1.0,0.0,0.0,0.0),(0.0,1.0,0.0,0.0),(0.0,0.0,1.0,0.0),(0.0,0.0,0.0,1.0),)),
        'head':Matrix(((1.0,0.0,0.0,0.0),(0.0,1.0,0.0,0.0),(0.0,0.0,1.0,0.0),(0.0,0.0,0.0,1.0),)),
        'thigh_l':Matrix(((1.0,0.0,0.0,0.0),(0.0,1.0,0.0,0.0),(0.0,0.0,1.0,0.0),(0.0,0.0,0.0,1.0),)),
        'calf_l':Matrix(((1.0,0.0,0.0,0.0),(0.0,1.0,0.0,0.0),(0.0,0.0,1.0,0.0),(0.0,0.0,0.0,1.0),)),
        'calf_twist_01_l':Matrix(((1.0,0.0,0.0,0.0),(0.0,1.0,0.0,0.0),(0.0,0.0,1.0,0.0),(0.0,0.0,0.0,1.0),)),
        'foot_l':Matrix(((1.0,0.0,0.0,0.0),(0.0,1.0,0.0,0.0),(0.0,0.0,1.0,0.0),(0.0,0.0,0.0,1.0),)),
        'ball_l':Matrix(((1.0,0.0,0.0,0.0),(0.0,1.0,0.0,0.0),(0.0,0.0,1.0,0.0),(0.0,0.0,0.0,1.0),)),
        'thigh_twist_01_l':Matrix(((1.0,0.0,0.0,0.0),(0.0,1.0,0.0,0.0),(0.0,0.0,1.0,0.0),(0.0,0.0,0.0,1.0),)),
        'thigh_r':Matrix(((1.0,0.0,0.0,0.0),(0.0,1.0,0.0,0.0),(0.0,0.0,1.0,0.0),(0.0,0.0,0.0,1.0),)),
        'calf_r':Matrix(((1.0,0.0,0.0,0.0),(0.0,1.0,0.0,0.0),(0.0,0.0,1.0,0.0),(0.0,0.0,0.0,1.0),)),
        'calf_twist_01_r':Matrix(((1.0,0.0,0.0,0.0),(0.0,1.0,0.0,0.0),(0.0,0.0,1.0,0.0),(0.0,0.0,0.0,1.0),)),
        'foot_r':Matrix(((1.0,0.0,0.0,0.0),(0.0,1.0,0.0,0.0),(0.0,0.0,1.0,0.0),(0.0,0.0,0.0,1.0),)),
        'ball_r':Matrix(((1.0,0.0,0.0,0.0),(0.0,1.0,0.0,0.0),(0.0,0.0,1.0,0.0),(0.0,0.0,0.0,1.0),)),
        'thigh_twist_01_r':Matrix(((1.0,0.0,0.0,0.0),(0.0,1.0,0.0,0.0),(0.0,0.0,1.0,0.0),(0.0,0.0,0.0,1.0),)),
    },
    'Idle*':{
        'root':Matrix(((1.0,0.0,0.0,0.0),(0.0,1.0,0.0,0.0),(0.0,0.0,1.0,0.0),(0.0,0.0,0.0,1.0),)),
        'pelvis':Matrix(((0.9983413815498352,0.018577000126242638,-0.054494671523571014,-1.6454315185546875),(-0.016361961141228676,0.9990326166152954,0.04081524908542633,3.8389968872070312),(0.05520019307732582,-0.03985590487718582,0.9976795315742493,0.9007346630096436),(0.0,0.0,0.0,1.0),)),
        'spine_01':Matrix(((0.9954348206520081,-0.09381762892007828,-0.017557013779878616,0.2863977551460266),(0.09350880235433578,0.9954621195793152,-0.01765541546046734,1.028458833694458),(0.019133731722831726,0.0159330815076828,0.9996899962425232,-0.009502852335572243),(0.0,0.0,0.0,1.0),)),
        'spine_02':Matrix(((0.9999974966049194,-0.0016940172063186765,0.0014447913272306323,0.7026991844177246),(0.00177647708915174,0.9982490539550781,-0.059123825281858444,-0.709298312664032),(-0.0013421049807220697,0.05912625044584274,0.9982495307922363,-0.006291316822171211),(0.0,0.0,0.0,1.0),)),
        'spine_03':Matrix(((0.9999226331710815,-0.009796041063964367,0.007664719130843878,0.5860635042190552),(0.009581802412867546,0.9995758533477783,0.027505652979016304,-0.7375611066818237),(-0.00793091394007206,-0.027430087327957153,0.9995922446250916,0.04594692587852478),(0.0,0.0,0.0,1.0),)),
        'clavicle_r':Matrix(((0.9866324067115784,-0.13783852756023407,0.0869312435388565,1.1311287879943848),(0.14368340373039246,0.9874885082244873,-0.06498077511787415,-0.19574123620986938),(-0.07688675820827484,0.07660279422998428,0.9940921664237976,-0.7313753366470337),(0.0,0.0,0.0,1.0),)),
        'upperarm_r':Matrix(((0.9535908699035645,-0.056529127061367035,-0.29575151205062866,0.3238949477672577),(-0.26462191343307495,0.3113067150115967,-0.9127237200737,0.9739047288894653),(0.1436648964881897,0.9486261606216431,0.2819007635116577,2.929948091506958),(0.0,0.0,0.0,1.0),)),
        'upperarm_twist_01_r':Matrix(((0.9788006544113159,-0.06178393214941025,0.19527468085289001,3.8146902170410613e-06),(0.07805134356021881,0.9939919114112854,-0.07673271745443344,6.728213819418016e-11),(-0.18936066329479218,0.09034746885299683,0.9777421951293945,-3.0517585400957614e-05),(0.0,0.0,0.0,1.0),)),
        'lowerarm_r':Matrix(((0.9750646948814392,0.22187863290309906,0.004308538977056742,-0.186380073428154),(-0.22071203589439392,0.9715954661369324,-0.08537036180496216,0.8117462396621704),(-0.023128019645810127,0.08229067921638489,0.9963398575782776,2.9283998012542725),(0.0,0.0,0.0,1.0),)),
        'lowerarm_twist_01_r':Matrix(((-0.996085524559021,-0.08433672040700912,-0.026478761807084084,0.0),(-0.08391212671995163,0.9963322281837463,-0.016758829355239868,0.0),(0.027795031666755676,-0.014471336267888546,-0.9995088577270508,0.0),(0.0,0.0,0.0,1.0),)),
        'hand_r':Matrix(((0.9951748847961426,-0.0938752070069313,0.028550410643219948,0.5966112017631531),(0.08825446665287018,0.9835404753684998,0.1576683074235916,1.28937566280365),(-0.04288165271282196,-0.15438783168792725,0.9870790839195251,-0.8855973482131958),(0.0,0.0,0.0,1.0),)),
        'thumb_01_r':Matrix(((0.9291524887084961,-0.14573146402835846,-0.33976131677627563,0.18267425894737244),(0.1968933790922165,0.9729117155075073,0.12114451825618744,0.14472588896751404),(0.3129030764102936,-0.17945849895477295,0.9326770901679993,-0.001170724630355835),(0.0,0.0,0.0,1.0),)),
        'thumb_02_r':Matrix(((0.8942917585372925,-0.3564163148403168,0.2705724239349365,0.06289005279541016),(0.3908797800540924,0.9165460467338562,-0.08459339290857315,0.00023494171909987926),(-0.21784161031246185,0.1814124584197998,0.9589759111404419,0.003314932808279991),(0.0,0.0,0.0,1.0),)),
        'thumb_03_r':Matrix(((0.9775342345237732,-0.2053622305393219,0.047472722828388214,0.029510799795389175),(0.20854294300079346,0.9750304222106934,-0.07632482051849365,0.012388190254569054),(-0.030613120645284653,0.0845102071762085,0.9959522485733032,-0.06376102566719055),(0.0,0.0,0.0,1.0),)),
        'ring_01_r':Matrix(((0.8581793904304504,-0.5115050077438354,-0.04348604381084442,0.9927971959114075),(0.509823203086853,0.859132707118988,-0.04440327733755112,-0.05685309320688248),(0.06007278338074684,0.015935789793729782,0.9980667233467102,0.020439140498638153),(0.0,0.0,0.0,1.0),)),
        'ring_02_r':Matrix(((0.7436940670013428,-0.6680955290794373,-0.023820040747523308,0.1111338660120964),(0.6667698621749878,0.7438529133796692,-0.04583372920751572,-0.00641498202458024),(0.048339903354644775,0.018203791230916977,0.9986650347709656,0.1069784164428711),(0.0,0.0,0.0,1.0),)),
        'ring_03_r':Matrix(((0.927742600440979,-0.3711247146129608,0.03949762508273125,0.004350312985479832),(0.3729424476623535,0.9259300231933594,-0.05973031744360924,0.014802400954067707),(-0.014404644258320332,0.07014471292495728,0.9974327683448792,0.13729815185070038),(0.0,0.0,0.0,1.0),)),
        'pinky_01_r':Matrix(((0.752398669719696,-0.6507748365402222,-0.10192329436540604,0.9180971384048462),(0.6450461149215698,0.7592706084251404,-0.08616133779287338,0.03463267534971237),(0.1334589272737503,-0.0009175375453196466,0.9910538792610168,-0.12868846952915192),(0.0,0.0,0.0,1.0),)),
        'pinky_02_r':Matrix(((0.6495535373687744,-0.7600142359733582,-0.021411115303635597,0.0),(0.7603124976158142,0.6493772864341736,0.015295306220650673,0.0),(0.0022792452946305275,-0.026214253157377243,0.999653697013855,0.0),(0.0,0.0,0.0,1.0),)),
        'pinky_03_r':Matrix(((0.8970319628715515,-0.44192758202552795,0.0058045769110322,0.2637118697166443),(0.44112616777420044,0.8944413661956787,-0.07336332648992538,0.2424648106098175),(0.02722942642867565,0.0683698058128357,0.9972882270812988,0.07766439020633698),(0.0,0.0,0.0,1.0),)),
        'middle_01_r':Matrix(((0.9644398093223572,-0.2638271749019623,-0.015842238441109657,0.9413551092147827),(0.2642500698566437,0.9637077450752258,0.03793732076883316,-0.11305656284093857),(0.005258390214294195,-0.04077458381652832,0.9991543889045715,0.0346929207444191),(0.0,0.0,0.0,1.0),)),
        'middle_02_r':Matrix(((0.8551154136657715,-0.517680287361145,0.028009023517370224,0.0),(0.5181729197502136,0.8517064452171326,-0.07805810123682022,0.0),(0.016553666442632675,0.08126222342252731,0.9965552687644958,0.0),(0.0,0.0,0.0,1.0),)),
        'middle_03_r':Matrix(((0.9525543451309204,-0.3043643832206726,0.0016042445786297321,0.0),(0.3041103780269623,0.9515161514282227,-0.04619612917304039,0.0),(0.01253399159759283,0.0444922000169754,0.9989310503005981,0.0),(0.0,0.0,0.0,1.0),)),
        'index_01_r':Matrix(((0.9953732490539551,-0.09598727524280548,0.004292719066143036,0.7124813199043274),(0.09521598368883133,0.9913936853408813,0.0898485854268074,-0.1421547532081604),(-0.012880092486739159,-0.08902415633201599,0.9959461688995361,0.46871495246887207),(0.0,0.0,0.0,1.0),)),
        'index_02_r':Matrix(((0.9523120522499084,-0.3051047921180725,0.0035610280465334654,0.11835731565952301),(0.30495598912239075,0.9513293504714966,-0.04443518817424774,-0.008214099332690239),(0.010169676505029202,0.04340212792158127,0.999005913734436,0.09826409816741943),(0.0,0.0,0.0,1.0),)),
        'index_03_r':Matrix(((0.9648364186286926,-0.26015472412109375,-0.03755275905132294,0.06020231917500496),(0.2568230628967285,0.9634605050086975,-0.07606565952301025,-0.014309238642454147),(0.05596943199634552,0.06374651193618774,0.9963954091072083,0.07146093994379044),(0.0,0.0,0.0,1.0),)),
        'neck_01':Matrix(((0.9975365996360779,0.0698847621679306,0.0060739414766430855,-1.5482655763626099),(-0.07011120766401291,0.9960780143737793,0.053974900394678116,1.8559656143188477),(-0.0022780962754040956,-0.054267797619104385,0.9985238313674927,0.12444021552801132),(0.0,0.0,0.0,1.0),)),
        'head':Matrix(((0.995841383934021,-0.02123737335205078,0.08859424293041229,-0.48281368613243103),(0.022875718772411346,0.9995847940444946,-0.017518429085612297,0.09998197853565216),(-0.08818541467189789,0.019472233951091766,0.9959137439727783,0.12799812853336334),(0.0,0.0,0.0,1.0),)),
        'clavicle_l':Matrix(((0.9947856664657593,-0.04231942817568779,-0.0927925780415535,-1.1852095127105713),(0.03211625665426254,0.9935433864593506,-0.1088162362575531,-0.12775397300720215),(0.09679850935935974,0.10526880621910095,0.9897207617759705,-0.45014429092407227),(0.0,0.0,0.0,1.0),)),
        'upperarm_l':Matrix(((0.9520391225814819,0.163125678896904,0.25886547565460205,0.0),(0.19134272634983063,0.34278860688209534,-0.9197198748588562,0.0),(-0.23876601457595825,0.9251406788825989,0.2951355576515198,0.0),(0.0,0.0,0.0,1.0),)),
        'upperarm_twist_01_l':Matrix(((0.9763345718383789,0.05799973011016846,-0.20834314823150635,-4.76762210155357e-07),(-0.0697842463850975,0.9963254332542419,-0.04965933412313461,5.722362857341068e-06),(0.20469732582569122,0.06302320212125778,0.9767943024635315,9.155271254712716e-05),(0.0,0.0,0.0,1.0),)),
        'lowerarm_l':Matrix(((0.9866511225700378,-0.16283580660820007,-0.0020627917256206274,0.30228179693222046),(0.1624184250831604,0.9848842024803162,-0.06019236519932747,-0.4520688056945801),(0.011833086609840393,0.05905381962656975,0.9981846213340759,1.7963619232177734),(0.0,0.0,0.0,1.0),)),
        'lowerarm_twist_01_l':Matrix(((0.9864716529846191,-0.029735980555415154,-0.16121186316013336,0.0),(0.033518049865961075,0.9992218613624573,0.020791102200746536,0.0),(0.16046816110610962,-0.025913342833518982,0.9867007732391357,0.0),(0.0,0.0,0.0,1.0),)),
        'hand_l':Matrix(((0.9514944553375244,0.07514283061027527,-0.29834866523742676,0.0),(-0.060336608439683914,0.9964598417282104,0.05854511260986328,0.0),(0.30169162154197693,-0.03770400583744049,0.9526598453521729,0.0),(0.0,0.0,0.0,1.0),)),
        'thumb_01_l':Matrix(((0.9309841394424438,0.1346345692873001,0.3393253684043884,0.003799951169639826),(-0.18417677283287048,0.9757653474807739,0.11815822124481201,0.18636555969715118),(-0.3151935040950775,-0.17249931395053864,0.9332188963890076,0.005028784275054932),(0.0,0.0,0.0,1.0),)),
        'thumb_02_l':Matrix(((0.8934925198554993,0.3595762252807617,-0.2690281867980957,-0.05231218412518501),(-0.39172208309173584,0.9169928431510925,-0.07535251975059509,0.005044240970164537),(0.21960194408893585,0.17271116375923157,0.9601802229881287,-0.001152335200458765),(0.0,0.0,0.0,1.0),)),
        'thumb_03_l':Matrix(((0.9732844233512878,0.22504715621471405,-0.04551020264625549,0.0),(-0.22778715193271637,0.9713074564933777,-0.06837642192840576,0.0),(0.028816472738981247,0.07691635936498642,0.9966210126876831,0.0),(0.0,0.0,0.0,1.0),)),
        'ring_01_l':Matrix(((0.8589980602264404,0.5100222826004028,0.04471591114997864,-0.7808352708816528),(-0.5076241493225098,0.8598047494888306,-0.0552610419690609,-0.03605736047029495),(-0.06663127988576889,0.02477026917040348,0.9974701404571533,0.18446886539459229),(0.0,0.0,0.0,1.0),)),
        'ring_02_l':Matrix(((0.7424551844596863,0.6698490381240845,0.00790366530418396,0.0),(-0.6689965128898621,0.742018461227417,-0.04303695261478424,0.0),(-0.0346929132938385,0.02666548825800419,0.9990423321723938,0.0),(0.0,0.0,0.0,1.0),)),
        'ring_03_l':Matrix(((0.9150916934013367,0.4018302261829376,-0.033762477338314056,0.0),(-0.4028274714946747,0.914746105670929,-0.03114006295800209,0.0),(0.018371080979704857,0.04209645837545395,0.9989446401596069,0.0),(0.0,0.0,0.0,1.0),)),
        'pinky_01_l':Matrix(((0.7516159415245056,0.6515998840332031,0.102425716817379,-0.8446121215820312),(-0.6446161270141602,0.7585424780845642,-0.0953071191906929,0.06755853444337845),(-0.13979628682136536,0.005609100218862295,0.9901643991470337,0.2139471173286438),(0.0,0.0,0.0,1.0),)),
        'pinky_02_l':Matrix(((0.6505618095397949,0.7592389583587646,0.018044868484139442,0.0),(-0.7594383358955383,0.6505139470100403,0.009213889949023724,0.0),(-0.004742894321680069,-0.01969817467033863,0.9997947216033936,0.0),(0.0,0.0,0.0,1.0),)),
        'pinky_03_l':Matrix(((0.9052931070327759,0.42478039860725403,0.0024959449656307697,0.0),(-0.4246487319469452,0.9051311016082764,-0.020271984860301018,0.0),(-0.010870300233364105,0.01729218102991581,0.9997915029525757,0.0),(0.0,0.0,0.0,1.0),)),
        'middle_01_l':Matrix(((0.9656278491020203,0.2593051791191101,0.01798398792743683,-0.6811432838439941),(-0.2597021162509918,0.9653607606887817,0.025168197229504585,-0.08762871474027634),(-0.010834792628884315,-0.028973598033189774,0.9995213747024536,0.14155329763889313),(0.0,0.0,0.0,1.0),)),
        'middle_02_l':Matrix(((0.8535715341567993,0.5203928351402283,-0.024635449051856995,0.0),(-0.5206698179244995,0.8504967093467712,-0.07455351948738098,0.0),(-0.01784473843872547,0.07646368443965912,0.9969128966331482,0.0),(0.0,0.0,0.0,1.0),)),
        'middle_03_l':Matrix(((0.9696475267410278,0.24450264871120453,0.00140137888956815,0.0),(-0.2443143129348755,0.9690961241722107,-0.034104231745004654,0.0),(-0.009696646593511105,0.0327267087996006,0.999417245388031,0.0),(0.0,0.0,0.0,1.0),)),
        'index_01_l':Matrix(((0.9963770508766174,0.08497951179742813,-0.0033407520968466997,-0.48742637038230896),(-0.08444748818874359,0.9932602643966675,0.07938969135284424,-0.05656218156218529),(0.010064732283353806,-0.07881995290517807,0.9968380331993103,0.11207526922225952),(0.0,0.0,0.0,1.0),)),
        'index_02_l':Matrix(((0.9491963386535645,0.3146633505821228,-0.003624257631599903,-0.07455088943243027),(-0.3145120441913605,0.9482335448265076,-0.04399457946419716,-0.004010469652712345),(-0.010406837798655033,0.042899370193481445,0.9990253448486328,0.09978273510932922),(0.0,0.0,0.0,1.0),)),
        'index_03_l':Matrix(((0.978554904460907,0.20309393107891083,0.034395504742860794,0.0),(-0.2014451026916504,0.9784151315689087,-0.046083156019449234,0.0),(-0.043012287467718124,0.038166094571352005,0.9983452558517456,0.0),(0.0,0.0,0.0,1.0),)),
        'thigh_r':Matrix(((0.8135064840316772,0.09600159525871277,0.5736633539199829,0.14200836420059204),(-0.13839295506477356,0.9899185299873352,0.03052397258579731,-0.06207404285669327),(-0.565126359462738,-0.10422421246767044,0.8183206915855408,0.1633700132369995),(0.0,0.0,0.0,1.0),)),
        'thigh_twist_01_r':Matrix(((0.9579112529754639,-0.013291937299072742,-0.2863168716430664,0.018553366884589195),(0.008494780398905277,0.9998016953468323,-0.017991147935390472,-0.30126750469207764),(0.2864128649234772,0.014801711775362492,0.9581238031387329,0.16405117511749268),(0.0,0.0,0.0,1.0),)),
        'calf_r':Matrix(((0.9910385608673096,-0.13309228420257568,-0.011915601789951324,-0.3499372601509094),(0.13333281874656677,0.9789435267448425,0.15442410111427307,2.8125250339508057),(-0.00888807699084282,-0.15462151169776917,0.9879502058029175,-0.2659662365913391),(0.0,0.0,0.0,1.0),)),
        'calf_twist_01_r':Matrix(((0.9411686062812805,-0.08024062216281891,-0.3279874324798584,-1.9980465173721313),(0.08535364270210266,0.9963197708129883,0.0012263853568583727,2.2803239822387695),(0.3266008198261261,-0.029147444292902946,0.9448439478874207,0.4640417695045471),(0.0,0.0,0.0,1.0),)),
        'foot_r':Matrix(((0.9848906397819519,-0.08498560637235641,-0.1507885456085205,-1.9429219961166382),(0.049228545278310776,0.9726637005805969,-0.22673751413822174,-1.462445616722107),(0.16593031585216522,0.21586595475673676,0.9622846245765686,0.16439834237098694),(0.0,0.0,0.0,1.0),)),
        'ball_r':Matrix(((1.000147819519043,0.0016583591932430863,-0.0028190219309180975,0.924222469329834),(-0.0017278889426961541,0.9994063377380371,-0.024581963196396828,1.8497509956359863),(0.0027774334885179996,0.024576203897595406,0.9998308420181274,0.9635084271430969),(0.0,0.0,0.0,1.0),)),
        'thigh_l':Matrix(((0.8491519689559937,-0.1868102103471756,-0.4940873980522156,-0.13731947541236877),(0.17694950103759766,0.9819311499595642,-0.06718575954437256,-0.12195096909999847),(0.497795432806015,-0.030377868562936783,0.8667089939117432,0.19943545758724213),(0.0,0.0,0.0,1.0),)),
        'thigh_twist_01_l':Matrix(((0.9579179883003235,0.01707463711500168,0.28621819615364075,-0.018480636179447174),(-0.015932608395814896,0.9998530149459839,-0.00631367601454258,-0.3024353086948395),(-0.28622201085090637,0.0014877811772748828,0.9582566022872925,0.16238360106945038),(0.0,0.0,0.0,1.0),)),
        'calf_l':Matrix(((0.9902237057685852,0.13883769512176514,0.013794648461043835,-0.16306094825267792),(-0.13891588151454926,0.9718131422996521,0.1903688758611679,3.075798273086548),(0.013024687767028809,-0.19041544198989868,0.981633722782135,-1.7294583320617676),(0.0,0.0,0.0,1.0),)),
        'calf_twist_01_l':Matrix(((0.9440637826919556,0.07600715011358261,0.3206939995288849,1.9811633825302124),(-0.08490318059921265,0.9962682127952576,0.013846945017576218,2.562892198562622),(-0.3183935284614563,-0.04029836878180504,0.9471924304962158,0.42424917221069336),(0.0,0.0,0.0,1.0),)),
        'foot_l':Matrix(((0.9789323210716248,0.14468835294246674,0.1438886970281601,1.6646534204483032),(-0.10819826275110245,0.9658997058868408,-0.23516543209552765,-1.6946351528167725),(-0.17299799621105194,0.21463504433631897,0.9612931609153748,0.17972853779792786),(0.0,0.0,0.0,1.0),)),
        'ball_l':Matrix(((1.000110149383545,-0.0016268857289105654,0.002792641054838896,-1.0080384016036987),(0.0016954626189544797,0.9994824528694153,-0.024538857862353325,1.7575528621673584),(-0.0027519091963768005,0.024535737931728363,0.9997946619987488,0.9242832660675049),(0.0,0.0,0.0,1.0),)),
    },
    'Relaxed*':{
        'root':Matrix(((1.0,0.0,0.0,0.0),(0.0,1.0,0.0,0.0),(0.0,0.0,1.0,0.0),(0.0,0.0,0.0,1.0),)),
        'pelvis':Matrix(((0.9983100295066833,0.01872875727713108,-0.055013835430145264,-1.5140838623046875),(-0.016488485038280487,0.9990271925926208,0.0408974252641201,-0.5278549194335938),(0.055726293474435806,-0.03992121294140816,0.9976475834846497,0.8030655384063721),(0.0,0.0,0.0,1.0),)),
        'spine_01':Matrix(((0.9993823170661926,-0.030515428632497787,-0.017437992617487907,0.2605649530887604),(0.030219580978155136,0.9993990659713745,-0.016984598711133003,-0.0037494278512895107),(0.01794580928981304,0.016447139903903008,0.9997036457061768,-0.009493427351117134),(0.0,0.0,0.0,1.0),)),
        'spine_02':Matrix(((0.9998895525932312,-0.013902551494538784,0.005248161498457193,2.5941426429199055e-05),(0.014211121946573257,0.9978335499763489,-0.06423581391572952,-2.55877171184693e-06),(-0.004343749955296516,0.06430330872535706,0.9979209303855896,2.443106268401607e-06),(0.0,0.0,0.0,1.0),)),
        'spine_03':Matrix(((0.9999299645423889,-0.010022648610174656,0.00629253126680851,0.00014058506349101663),(0.009842542931437492,0.9995588064193726,0.028028659522533417,-0.0010358483996242285),(-0.0065706754103302956,-0.027964765205979347,0.9995872974395752,3.859709977405146e-06),(0.0,0.0,0.0,1.0),)),
        'clavicle_r':Matrix(((0.9816914200782776,-0.17175020277500153,0.0823635384440422,1.851271152496338),(0.17485322058200836,0.9840737581253052,-0.032017163932323456,-0.47369346022605896),(-0.07555283606052399,0.04583250358700752,0.996087908744812,-0.3092600107192993),(0.0,0.0,0.0,1.0),)),
        'upperarm_r':Matrix(((0.9557515978813171,-0.08181107044219971,-0.2825700640678406,0.704616904258728),(-0.2639530301094055,0.18558304011821747,-0.9465137720108032,-0.1389814168214798),(0.12987549602985382,0.9792168736457825,0.15577705204486847,2.9761855602264404),(0.0,0.0,0.0,1.0),)),
        'upperarm_twist_01_r':Matrix(((0.9758889079093933,-0.09129022806882858,0.1982598751783371,3.8146902170410613e-06),(0.09608859568834305,0.9952642321586609,-0.014697292819619179,6.728213819418016e-11),(-0.1959792524576187,0.033393435180187225,0.9800392985343933,-3.0517585400957614e-05),(0.0,0.0,0.0,1.0),)),
        'lowerarm_r':Matrix(((0.9815301299095154,0.19130562245845795,0.0008675481658428907,-1.1662737131118774),(-0.1910848319530487,0.9805958867073059,-0.043798137456178665,-0.4012174904346466),(-0.009229544550180435,0.0428234227001667,0.999039888381958,0.938122570514679),(0.0,0.0,0.0,1.0),)),
        'lowerarm_twist_01_r':Matrix(((-0.9959998726844788,-0.08539020270109177,-0.026322796940803528,0.0),(-0.08499126881361008,0.9962545037269592,-0.01592084765434265,0.0),(0.027583688497543335,-0.013619952835142612,-0.9995267987251282,0.0),(0.0,0.0,0.0,1.0),)),
        'hand_r':Matrix(((0.99586421251297,-0.08583121001720428,0.029790110886096954,0.48495280742645264),(0.07993511110544205,0.9835906624794006,0.1617400050163269,0.0013196243671700358),(-0.04318361356854439,-0.15868981182575226,0.9863836765289307,-0.942175030708313),(0.0,0.0,0.0,1.0),)),
        'thumb_01_r':Matrix(((0.9201130867004395,-0.18304023146629333,-0.3462485373020172,-0.006023537367582321),(0.22952647507190704,0.9683530926704407,0.09803008288145065,0.0056887599639594555),(0.31734737753868103,-0.16967199742794037,0.9330069422721863,0.11928751319646835),(0.0,0.0,0.0,1.0),)),
        'thumb_02_r':Matrix(((0.8923314213752747,-0.36208075284957886,0.2695216238498688,0.10112600028514862),(0.3928893208503723,0.9170041680335999,-0.06885524094104767,-0.02050594426691532),(-0.22222130000591278,0.16733387112617493,0.9605295658111572,-0.020268535241484642),(0.0,0.0,0.0,1.0),)),
        'thumb_03_r':Matrix(((0.9768285155296326,-0.20844565331935883,0.04854615405201912,0.06614494323730469),(0.21157227456569672,0.9747043251991272,-0.07203207910060883,-0.01477236207574606),(-0.032303377985954285,0.08063399791717529,0.9962201714515686,-0.07941270619630814),(0.0,0.0,0.0,1.0),)),
        'ring_01_r':Matrix(((0.8594991564750671,-0.50886070728302,-0.04818697273731232,1.0848222970962524),(0.5088644623756409,0.8607468605041504,-0.013109540566802025,-0.05760836973786354),(0.048147719353437424,-0.013252997770905495,0.998752236366272,-0.04287991300225258),(0.0,0.0,0.0,1.0),)),
        'ring_02_r':Matrix(((0.7415569424629211,-0.6699255108833313,-0.03595820069313049,0.11164283007383347),(0.6699864268302917,0.7422744631767273,-0.012110885232686996,-0.006746036000549793),(0.034804243594408035,-0.015110595151782036,0.9992799162864685,0.10403750836849213),(0.0,0.0,0.0,1.0),)),
        'ring_03_r':Matrix(((0.926092267036438,-0.37532955408096313,0.03848232328891754,0.004375594202429056),(0.37677890062332153,0.9253413081169128,-0.042203109711408615,0.014833074063062668),(-0.01976921223104,0.0535833016037941,0.9983676075935364,0.13773085176944733),(0.0,0.0,0.0,1.0),)),
        'pinky_01_r':Matrix(((0.7587049007415771,-0.6419621109962463,-0.11068591475486755,1.1307923793792725),(0.6411296129226685,0.7659478783607483,-0.047713033854961395,-0.011411833576858044),(0.11540958285331726,-0.034763921052217484,0.9927093982696533,-0.2009754180908203),(0.0,0.0,0.0,1.0),)),
        'pinky_02_r':Matrix(((0.6493720412254333,-0.7595998048782349,-0.036386530846357346,0.0),(0.7602810263633728,0.6473969221115112,0.053385525941848755,0.0),(-0.016995107755064964,-0.06233105808496475,0.9979106783866882,0.0),(0.0,0.0,0.0,1.0),)),
        'pinky_03_r':Matrix(((0.894992470741272,-0.44602641463279724,0.006987171247601509,0.2639012634754181),(0.4457533359527588,0.8936249017715454,-0.05233002081513405,0.24339662492275238),(0.017096661031246185,0.04994954168796539,0.9986052513122559,0.08189127594232559),(0.0,0.0,0.0,1.0),)),
        'middle_01_r':Matrix(((0.9646214246749878,-0.26312240958213806,-0.01649417169392109,0.9200956225395203),(0.2636389136314392,0.9627336859703064,0.06031770631670952,-0.09481509774923325),(8.554627129342407e-06,-0.06253226101398468,0.9980428218841553,-0.018451904878020287),(0.0,0.0,0.0,1.0),)),
        'middle_02_r':Matrix(((0.8536283373832703,-0.5204219222068787,0.021900296211242676,0.0),(0.5208250880241394,0.8521557450294495,-0.05071205273270607,0.0),(0.007729194592684507,0.05469546839594841,0.9984732866287231,0.0),(0.0,0.0,0.0,1.0),)),
        'middle_03_r':Matrix(((0.9519343376159668,-0.30630195140838623,-0.000651394366286695,0.0),(0.30612313747406006,0.951447069644928,-0.03220872953534126,0.0),(0.010485364124178886,0.03046119026839733,0.9994809031486511,0.0),(0.0,0.0,0.0,1.0),)),
        'index_01_r':Matrix(((0.9951671361923218,-0.09809336811304092,0.004483239725232124,0.5490654110908508),(0.09708819538354874,0.989754319190979,0.10469124466180801,-0.13923300802707672),(-0.014706822112202644,-0.10375001281499863,0.9944946765899658,0.4062710106372833),(0.0,0.0,0.0,1.0),)),
        'index_02_r':Matrix(((0.9513995051383972,-0.30795514583587646,0.0016365627525374293,0.11887237429618835),(0.3078877925872803,0.9510500431060791,-0.02662968821823597,-0.008378425613045692),(0.0066442955285310745,0.02583935111761093,0.9996440410614014,0.09836640954017639),(0.0,0.0,0.0,1.0),)),
        'index_03_r':Matrix(((0.9640000462532043,-0.2630070149898529,-0.03913097083568573,0.06027519330382347),(0.26023581624031067,0.96340411901474,-0.06426378339529037,-0.01479018572717905),(0.05460076406598091,0.0517670139670372,0.9971654415130615,0.07268252968788147),(0.0,0.0,0.0,1.0),)),
        'neck_01':Matrix(((0.9997957944869995,-0.01995212770998478,0.003198779420927167,-2.9139761924743652),(0.019773706793785095,0.9986283779144287,0.04848324507474899,0.6882818937301636),(-0.0041617355309426785,-0.04841010645031929,0.9988188147544861,0.01423601247370243),(0.0,0.0,0.0,1.0),)),
        'head':Matrix(((0.9959315657615662,-0.021464556455612183,0.08751920610666275,2.8088987164665014e-05),(0.02339746057987213,0.9995031356811523,-0.02111968584358692,2.2977032131166197e-05),(-0.08702239394187927,0.02308148890733719,0.9959389567375183,3.423545877012657e-06),(0.0,0.0,0.0,1.0),)),
        'clavicle_l':Matrix(((0.995681881904602,0.00019133197201881558,-0.09282947331666946,-1.8559584617614746),(-0.0070100389420986176,0.997297465801239,-0.07313361018896103,-0.4597984850406647),(0.09256460517644882,0.07346855849027634,0.9929924607276917,-0.2907041013240814),(0.0,0.0,0.0,1.0),)),
        'upperarm_l':Matrix(((0.9558468461036682,0.1557847261428833,0.2491748183965683,0.0),(0.21145941317081451,0.22418414056301117,-0.9513286352157593,0.0),(-0.2040635645389557,0.9620152115821838,0.1813434511423111,0.0),(0.0,0.0,0.0,1.0),)),
        'upperarm_twist_01_l':Matrix(((0.9731748104095459,0.09276674687862396,-0.21053531765937805,-4.76762210155357e-07),(-0.09289051592350006,0.9956327676773071,0.009323322214186192,5.722362857341068e-06),(0.210480734705925,0.010483510792255402,0.9775418043136597,9.155271254712716e-05),(0.0,0.0,0.0,1.0),)),
        'lowerarm_l':Matrix(((0.9915786981582642,-0.12950308620929718,0.0007662065327167511,1.4958080053329468),(0.12949655950069427,0.9914247989654541,-0.017531253397464752,-0.4581834077835083),(0.0015107152285054326,0.017482837662100792,0.9998460412025452,0.006320224609225988),(0.0,0.0,0.0,1.0),)),
        'lowerarm_twist_01_l':Matrix(((0.9864465594291687,-0.028587834909558296,-0.16157317161560059,0.0),(0.03230518475174904,0.9992693066596985,0.020426616072654724,0.0),(0.16087116301059723,-0.025369416922330856,0.9866493344306946,0.0),(0.0,0.0,0.0,1.0),)),
        'hand_l':Matrix(((0.9513334035873413,0.07193438708782196,-0.29965007305145264,0.0),(-0.05626886710524559,0.996575117111206,0.06059590354561806,0.0),(0.30298271775245667,-0.04078594222664833,0.9521228671073914,0.0),(0.0,0.0,0.0,1.0),)),
        'thumb_01_l':Matrix(((0.9227559566497803,0.17144064605236053,0.34515151381492615,0.15960827469825745),(-0.21654394268989563,0.9715049266815186,0.09636865556240082,0.047082457691431046),(-0.3187948763370514,-0.16366520524024963,0.9335863590240479,0.1008271649479866),(0.0,0.0,0.0,1.0),)),
        'thumb_02_l':Matrix(((0.8914476633071899,0.36521345376968384,-0.2682165503501892,-0.09601065516471863),(-0.39411410689353943,0.917019248008728,-0.06123553588986397,-0.018708031624555588),(0.22359567880630493,0.1602962166070938,0.9614104628562927,-0.028218336403369904),(0.0,0.0,0.0,1.0),)),
        'thumb_03_l':Matrix(((0.9726047515869141,0.22773052752017975,-0.04667731374502182,0.0),(-0.23043516278266907,0.9709535837173462,-0.06441286206245422,0.0),(0.0306527242064476,0.07340435683727264,0.9968310594558716,0.0),(0.0,0.0,0.0,1.0),)),
        'ring_01_l':Matrix(((0.8598166108131409,0.5082285404205322,0.04918171465396881,-0.843319296836853),(-0.5075132250785828,0.86122065782547,-0.02700771763920784,-0.033098071813583374),(-0.05608237534761429,-0.0017386865802109241,0.998424768447876,0.1348535269498825),(0.0,0.0,0.0,1.0),)),
        'ring_02_l':Matrix(((0.740393340587616,0.6719235181808472,0.018338803201913834,0.0),(-0.6718173027038574,0.7406136393547058,-0.012358848005533218,0.0),(-0.02188616804778576,-0.003169915871694684,0.9997554421424866,0.0),(0.0,0.0,0.0,1.0),)),
        'ring_03_l':Matrix(((0.9139033555984497,0.4046481251716614,-0.03225795924663544,0.0),(-0.40523669123649597,0.9141017198562622,-0.014185580424964428,0.0),(0.02374688722193241,0.026036357507109642,0.9993789196014404,0.0),(0.0,0.0,0.0,1.0),)),
        'pinky_01_l':Matrix(((0.7568686008453369,0.6441627144813538,0.11047253757715225,-0.9944109320640564),(-0.641813337802887,0.7644749879837036,-0.060446348041296005,0.029956132173538208),(-0.12339074164628983,-0.02515280619263649,0.9920393228530884,0.1581016480922699),(0.0,0.0,0.0,1.0),)),
        'pinky_02_l':Matrix(((0.6502205729484558,0.7590076923370361,0.03347326070070267,0.0),(-0.7596668004989624,0.6488874554634094,0.04302763193845749,0.0),(0.01093792449682951,-0.053405966609716415,0.9985129833221436,0.0),(0.0,0.0,0.0,1.0),)),
        'pinky_03_l':Matrix(((0.9043759703636169,0.42673346400260925,0.0016569248400628567,0.0),(-0.4267297387123108,0.9043765664100647,-0.0021944264881312847,0.0),(-0.0024349188897758722,0.0012775275390595198,0.9999963641166687,0.0),(0.0,0.0,0.0,1.0),)),
        'middle_01_l':Matrix(((0.9656471610069275,0.2591744363307953,0.01882109045982361,-0.6614389419555664),(-0.2597804367542267,0.9645845293998718,0.04572534188628197,-0.07178711146116257),(-0.006303693633526564,-0.04904389753937721,0.9987767338752747,0.09967663139104843),(0.0,0.0,0.0,1.0),)),
        'middle_02_l':Matrix(((0.8521910905838013,0.5228915214538574,-0.018836941570043564,0.0),(-0.5231326818466187,0.8507824540138245,-0.05001387372612953,0.0),(-0.01012568362057209,0.052475590258836746,0.99857097864151,0.0),(0.0,0.0,0.0,1.0),)),
        'middle_03_l':Matrix(((0.9693005084991455,0.2458631545305252,0.0027869781479239464,0.0),(-0.2457282990217209,0.9690411686897278,-0.024017473682761192,0.0),(-0.008605707436800003,0.02259531244635582,0.9997075796127319,0.0),(0.0,0.0,0.0,1.0),)),
        'index_01_l':Matrix(((0.9961658120155334,0.08741487562656403,-0.0034909164533019066,-0.3645164370536804),(-0.08671276271343231,0.9918799996376038,0.0930318832397461,-0.0607062391936779),(0.011594939045608044,-0.09237247705459595,0.9956570267677307,0.062208469957113266),(0.0,0.0,0.0,1.0),)),
        'index_02_l':Matrix(((0.9483339190483093,0.3172692656517029,-0.00168972322717309,-0.07518621534109116),(-0.3171907365322113,0.9479506015777588,-0.027922872453927994,-0.004340788349509239),(-0.007257292978465557,0.02701617404818535,0.9996086359024048,0.09989963471889496),(0.0,0.0,0.0,1.0),)),
        'index_03_l':Matrix(((0.9781869649887085,0.204711452126503,0.03526056557893753,0.0),(-0.20338794589042664,0.9783692955970764,-0.03777388855814934,0.0),(-0.042230598628520966,0.02977835386991501,0.9986640214920044,0.0),(0.0,0.0,0.0,1.0),)),
        'thigh_r':Matrix(((0.9020006656646729,0.14194585382938385,0.40784794092178345,0.1329112946987152),(-0.16849163174629211,0.9852676391601562,0.02967499941587448,-0.10403114557266235),(-0.39768627285957336,-0.09548760950565338,0.9124758243560791,0.20632675290107727),(0.0,0.0,0.0,1.0),)),
        'thigh_twist_01_r':Matrix(((0.9259482622146606,-0.017244193702936172,-0.3772564232349396,0.015333883464336395),(-0.0004313367244321853,0.9989079833030701,-0.04671825096011162,-0.2968464195728302),(0.3776501417160034,0.04342140629887581,0.9249296188354492,0.16305606067180634),(0.0,0.0,0.0,1.0),)),
        'calf_r':Matrix(((0.9848372340202332,-0.17243844270706177,-0.01898997649550438,-3.455676317214966),(0.17330576479434967,0.9730126857757568,0.15235303342342377,-0.23728914558887482),(-0.007794030010700226,-0.15333400666713715,0.9881436824798584,-0.40720823407173157),(0.0,0.0,0.0,1.0),)),
        'calf_twist_01_r':Matrix(((0.9733451008796692,-0.08434854447841644,-0.21327129006385803,-3.1165292263031006),(0.08522091805934906,0.996349036693573,-0.00511655630543828,-0.42531222105026245),(0.21292419731616974,-0.01319500058889389,0.9769796133041382,0.362160861492157),(0.0,0.0,0.0,1.0),)),
        'foot_r':Matrix(((0.9993404150009155,-0.011763923801481724,0.034359727054834366,-2.6409778594970703),(0.016170701012015343,0.9912588596343994,-0.13093626499176025,-2.361400604248047),(-0.03251906856894493,0.1314055174589157,0.9907950758934021,-0.07365140318870544),(0.0,0.0,0.0,1.0),)),
